0 0
0 0
0 0
0 2
3 4
5 1
1 5
1 7
3 1
5 1
0 -1
1 -1
4 -1
4 3
2 3
0 -1
-3 0
3 2
2 0
-2 -1
1 -1
0 -1
-1 0
-3 -4
-5 -4
-3 -1
-2 1
-2 2
0 1
1 -4
-6 -6
-6 0
0 1
4 0
3 -2
-1 -3
0 -2
-1 3
-2 4
0 3
2 4
2 1
-1 -2
3 4
4 4
0 0
2 1
5 -1
3 4
-2 4
-4 2
-2 -1
-6 1
-7 4
-2 2
0 -1
-4 5
-1 2
-2 -1
-1 0
2 -3
1 -2
-1 -3
0 -2
4 -3
4 -2
1 1
2 -1
3 -1
1 0
1 -2
-1 -2
-2 2
3 1
3 4
0 3
0 -2
3 2
6 5
4 3
-1 2
5 3
5 -1
1 -2
2 1
4 2
6 0
3 -3
3 0
0 -3
-3 0
0 0
-2 1
0 -2
2 0
1 1
1 0
3 0
2 0
0 0
-3 0
0 1
3 -2
1 0
-1 4
0 2
-3 1
-4 1
-5 2
-2 1
3 1
3 2
1 0
2 0
3 2
6 3
6 1
2 0
-1 -2
-1 -2
-3 -3
-4 -3
1 -2
0 -2
-1 0
4 2
5 -1
2 0
-3 5
-9 4
-8 2
-3 2
0 -1
0 -3
-1 -3
0 -2
-4 -6
-5 -6
2 0
10 2
6 0
-1 0
0 0
3 1
5 2
3 1
1 4
1 2
-1 -3
-5 1
-1 6
0 5
-1 0
0 -2
-1 -3
-1 -2
3 2
7 1
1 -1
0 2
-4 1
-1 5
5 7
0 3
-4 -2
-3 -1
-1 0
1 2
2 4
0 -1
2 -3
1 -1
-1 2
5 1
10 -5
3 -7
-4 0
-2 -3
-3 -6
-1 -7
-1 -7
2 2
1 1
-1 1
0 2
4 0
2 -1
-2 -2
0 2
3 5
1 2
0 1
4 3
4 1
0 -4
2 -4
2 -3
2 0
3 2
3 -1
4 0
-1 1
-1 0
1 -1
-3 -1
-4 -4
-2 0
1 4
1 0
-3 2
-3 3
3 6
3 6
1 1
-3 3
-4 2
0 -3
0 -2
2 1
5 -1
3 -5
1 -6
-1 2
-2 5
0 4
0 1
-1 -1
4 -2
-2 -1
-3 -2
-1 -3
-3 0
-1 -4
-2 0
-2 4
1 0
3 1
1 2
0 -1
-1 0
-1 2
-1 3
-1 2
0 0
1 2
1 0
-2 1
2 3
0 -1
2 2
5 1
1 1
0 6
0 5
1 -1
2 -5
2 -6
3 0
2 5
-2 3
-4 2
1 2
8 3
7 4
4 -1
1 1
-3 5
-2 2
4 -2
3 0
-3 2
-4 2
-4 -1
-5 -4
1 -8
6 -8
5 2
4 7
5 -1
1 -3
0 -3
4 -3
4 -1
1 3
2 5
-1 1
-1 -2
-1 0
-3 -1
-5 -3
1 2
2 3
-2 0
-3 -5
-4 -6
-1 -2
0 -1
1 1
-1 3
-5 7
0 5
-2 -1
-3 -2
4 2
6 2
2 2
-1 3
-2 4
2 0
2 -8
-5 -4
-4 4
3 7
5 3
1 0
-1 0
1 -1
-3 2
-2 4
3 0
3 -3
-4 -6
-2 -1
1 -2
-3 -3
-2 1
-1 0
2 -1
0 2
2 2
4 0
2 1
1 0
4 2
5 3
4 2
2 1
1 1
-3 3
-2 4
2 0
0 5
2 8
2 2
-1 0
-1 -1
2 -3
3 -1
0 1
3 0
2 -1
0 2
3 4
2 3
2 2
1 -3
-1 -2
1 4
5 3
6 -1
3 0
0 4
3 3
3 1
-1 1
-1 0
-2 3
-5 5
-4 2
-2 2
1 6
-1 6
-3 2
-1 -2
-2 -3
-3 0
1 2
1 0
-4 0
2 2
3 -5
-2 -3
-4 -2
-5 -5
-6 -3
-4 1
0 1
-1 1
-5 3
-3 3
2 2
2 3
4 1
5 -2
-1 -5
-6 2
-2 3
2 -1
1 0
0 4
0 5
-2 6
-3 6
2 1
0 -2
-1 -3
3 -2
-3 -2
-5 1
-1 5
-10 3
-44 54
191 173
511 -100
511 -370
511 -223
511 91
491 396
414 495
511 128
377 -412
-200 -505
-512 -40
-314 465
273 475
511 -46
247 -512
-340 -440
-512 109
-171 511
345 511
335 511
40 511
-261 511
-490 414
-512 120
-512 -30
-452 292
-81 511
-82 511
-386 505
-512 300
-512 5
-512 -296
-366 -499
-57 -512
107 -512
-261 -448
-512 -98
-512 -131
-512 -295
-506 124
-295 511
-338 511
-512 318
-512 19
-512 -270
-384 -491
-249 -512
-475 -267
-481 302
52 511
511 334
511 370
296 511
-38 511
-190 511
194 483
511 214
511 232
427 473
135 511
-3 511
334 437
511 -78
177 -506
-342 -512
-327 -512
-38 -512
268 -512
494 -397
511 -102
511 60
469 -280
-51 -512
-512 -202
-437 363
129 511
511 127
380 -415
-201 -507
-512 -40
-315 466
271 457
511 101
511 134
476 415
249 511
-72 511
-378 500
-500 421
-104 503
410 461
418 484
117 511
-202 511
-444 448
-512 207
-512 -106
-498 -398
-416 -512
-512 -173
-512 349
-512 351
-512 206
-306 427
169 511
174 511
-144 511
-413 476
-512 248
-512 -83
-512 -247
-512 139
-104 511
436 312
511 -132
511 -97
511 214
415 465
334 511
369 182
346 -232
511 -236
511 34
507 336
437 469
505 91
249 -355
-275 -382
-512 -146
-512 -148
-447 -414
-214 -512
13 -512
330 -479
507 -412
113 -512
-426 -373
-504 200
-26 511
488 302
478 -277
-51 -512
-512 -214
-434 349
125 511
511 171
511 -344
511 -334
511 -46
511 249
415 487
117 511
-15 511
331 420
511 55
511 85
505 386
289 511
-4 511
-294 511
-499 366
-512 61
-512 -89
-449 271
-97 511
-130 511
-294 511
125 506
511 295
511 338
318 511
19 511
-270 511
-491 384
-512 249
-267 474
301 481
511 -52
346 -512
377 -512
511 -296
511 38
511 190
483 -194
214 -512
232 -512
472 -433
511 -148
511 -1
426 -335
-125 -512
-512 -170
-512 345
-512 335
-512 40
-512 -268
-396 -494
-106 -512
30 -512
-299 -468
-512 54
-187 511
380 436
511 -131
110 -512
-432 -376
-507 203
-29 511
479 310
456 -273
95 -512
112 -512
403 -480
511 -250
511 70
500 376
422 498
503 102
459 -414
482 -410
511 -103
511 202
449 441
209 511
-104 511
-397 489
-510 406
-124 511
379 511
350 511
208 511
427 304
511 -169
511 -149
511 162
473 411
233 511
-89 511
-244 511
141 511
511 103
305 -437
-147 -512
-102 -512
212 -512
464 -421
511 -327
172 -493
-320 -512
-272 -512
37 -512
339 -509
461 -443
87 -512
-447 -315
-458 274
-111 511
-143 511
-421 459
-512 221
-512 -78
-499 -389
-422 -503
-512 -105
-340 448
219 511
511 23
300 -490
-281 -479
-512 54
-199 511
365 435
511 -132
102 -512
-384 -509
-349 -512
-63 -512
249 -512
486 -416
511 -120
511 11
413 -334
28 -512
65 -512
381 -512
511 -314
511 -9
511 294
368 498
63 511
-86 511
273 448
511 95
511 128
511 292
500 -127
277 -512
331 -512
511 -335
511 -37
511 270
386 489
252 511
473 248
459 -344
-67 -512
-512 -330
-512 -367
-298 -512
34 -512
174 -512
-205 -485
-512 -211
-512 -229
-435 -471
-151 -512
-4 -512
-338 -424
-512 128
-168 511
348 511
338 511
43 511
-266 511
-493 399
-512 107
-512 -13
-435 339
81 511
511 185
435 -380
-133 -512
-512 -104
-365 442
206 508
511 28
309 -480
-274 -456
-512 -94
-512 -111
-480 -403
-249 -512
56 -512
363 -501
490 -431
94 -510
-413 -458
-411 -482
-104 -512
201 -512
441 -450
511 -209
511 103
488 399
410 502
510 104
503 -391
511 -352
511 -220
302 -438
-171 -512
-176 -512
141 -512
411 -477
511 -251
511 85
511 214
511 -197
94 -512
-436 -303
-512 148
-512 103
-512 -211
-422 -464
-327 -512
-493 -172
-512 323
-512 288
-512 -28
-512 -341
-460 -445
-512 -39
-312 467
273 454
511 110
511 142
473 410
234 511
-76 511
-375 501
-488 431
-97 511
447 337
511 -220
22 -512
-494 -268
-480 304
54 511
511 199
434 -366
-133 -512
-512 -102
-509 385
-512 350
-512 62
-512 -238
-418 -474
-120 -512
11 -512
-334 -414
-512 -27
-512 -64
-512 -381
-304 -512
0 -512
291 -512
498 -368
511 -67
511 55
447 -293
94 -512
127 -512
292 -512
-127 -500
-512 -273
-512 -314
-343 -512
-57 -512
261 -512
491 -389
511 -267
249 -481
-344 -457
-512 66
-330 511
-367 511
-512 298
-512 -34
-512 -174
-480 205
-191 511
-221 511
-472 435
-512 151
-512 18
-425 350
132 511
511 139
511 -364
511 -336
511 -43
511 259
417 488
120 511
-11 511
339 431
511 -97
178 -512
-402 -397
-512 155
-102 511
449 339
511 -220
22 -512
-494 -268
-460 299
-94 511
-111 511
-402 479
-512 257
-512 -39
-500 -362
-434 -481
-512 -83
-457 412
-482 411
-512 119
-512 -190
-450 -444
-209 -512
103 -512
399 -489
502 -410
104 -511
-391 -504
-351 -511
-220 -512
-438 -302
-512 169
-512 189
-512 -129
-477 -413
-251 -512
85 -512
215 -512
-200 -505
-512 -83
-308 434
169 511
134 511
-210 511
-463 428
-512 347
-173 500
336 511
302 511
-29 511
-341 511
-448 460
-30 511
479 309
454 -274
108 -512
167 -512
315 -512
-126 -512
-512 -156
-378 403
202 511
511 82
314 -448
-274 -463
-512 -144
-512 -186
-436 -453
-185 -512
108 -512
399 -489
502 -410
103 -510
-385 -509
-350 -512
-62 -512
238 -512
474 -419
511 -136
511 162
463 415
374 511
501 176
511 -345
511 -314
511 -188
298 -431
-148 -512
-103 -512
212 -512
458 -443
511 -175
511 143
511 276
511 -136
108 -512
-421 -359
-512 84
-512 69
-512 -246
-397 -490
-295 -512
-483 -235
-512 266
-512 249
-512 -79
-500 -389
-422 -503
-512 -104
-339 448
217 493
511 190
511 221
432 471
181 511
-130 511
-417 475
-502 407
-103 510
387 508
321 511
189 511
443 310
478 -279
-56 -512
-506 -390
-446 -436
-360 -512
-512 -177
-387 404
182 502
511 241
511 281
370 498
56 511
-85 511
289 467
511 -54
186 -512
-380 -435
-512 132
-273 511
-313 511
-512 328
-512 42
-512 -266
-408 -494
-134 -512
188 -512
444 -450
511 -209
511 103
499 397
431 491
511 97
337 -447
-220 -512
-512 -22
-253 480
213 511
157 511
20 511
350 425
511 -132
109 -512
-431 -376
-511 202
-51 511
452 305
511 -169
511 -134
511 11
408 -334
52 -512
121 -512
253 -512
-151 -512
-512 -102
-325 449
238 511
511 20
435 -465
472 -447
511 -156
511 185
511 316
496 -126
289 -512
360 -507
471 -435
70 -512
-415 -457
-411 -482
-104 -512
203 -512
453 -436
511 -163
511 -56
400 -387
-144 -512
-512 -102
-503 389
-509 379
-512 82
-512 -250
-512 -375
-512 50
-381 511
-404 483
-512 234
-512 -92
-512 -214
-505 200
-83 511
434 305
511 -160
511 -119
511 211
443 458
175 511
-143 511
-276 511
137 511
511 103
365 -442
-207 -509
-512 -23
-299 490
281 478
511 -54
198 -512
-366 -435
-512 132
-292 511
-362 511
-512 312
-512 21
-512 -276
-360 -501
-248 -512
-462 -242
-512 228
-512 193
-512 -130
-490 -409
-271 -512
56 -512
200 -512
-198 -482
-512 -216
-512 -264
-512 -388
-512 45
-246 511
337 419
511 36
511 74
508 370
292 511
1 511
-304 511
-433 483
-24 511
490 252
459 -344
-66 -512
-512 -177
-410 402
144 511
511 102
339 -449
-220 -511
-512 -24
-451 444
-482 408
-512 119
-512 -190
-450 -444
-188 -512
-61 -512
-378 -355
-512 67
-512 4
-512 -311
-370 -509
-81 -512
238 -512
472 -435
511 -151
511 -19
414 -343
21 -512
46 -512
199 -512
-198 -482
-512 -215
-512 -259
-408 -494
-134 -512
188 -512
449 -437
511 -360
177 -512
-403 -381
-497 201
-254 511
-311 511
-507 362
-512 55
-512 -76
-468 303
54 511
511 199
434 -366
-131 -512
-512 -124
-362 406
80 511
21 511
-131 511
266 464
511 -37
241 -492
-242 -512
-202 -512
108 -512
399 -489
502 -410
104 -512
-449 -339
-512 220
-22 511
480 252
511 -208
511 -160
511 151
472 419
236 511
-75 511
-368 511
-512 302
-512 12
-512 -273
-381 -498
-100 -512
13 -512
-339 -431
-512 98
-178 511
402 396
511 -154
273 -512
323 -512
448 -461
24 -512
-493 -280
-480 291
54 511
511 199
434 -366
-132 -512
-512 -292
-507 -370
-431 -493
-509 -94
-459 408
-490 372
-512 248
-248 475
343 447
511 -81
177 -512
-394 -378
-512 16
-512 -48
-512 -186
-484 206
-215 511
-252 511
-487 417
-512 137
-512 -171
-450 -434
-390 -508
-512 -107
-512 373
-512 313
-512 0
-512 -291
-368 -499
-85 -512
212 -512
464 -422
511 -328
171 -494
-322 -512
-243 -512
-118 -512
-417 -296
-512 132
-512 63
-512 -258
-417 -488
-137 -512
187 -512
315 -512
-122 -512
-512 -170
-361 392
67 511
4 511
-311 511
-511 340
-512 234
-248 463
210 511
187 511
-129 511
-420 462
-506 393
-104 511
448 339
497 -217
215 -512
259 -512
493 -408
511 -134
511 188
437 449
360 511
511 177
380 -404
-202 -512
-512 -83
-314 444
275 495
511 12
250 -491
-344 -447
-512 81
-185 511
380 435
511 -132
109 -512
-421 -359
-512 80
-512 42
-512 -274
-399 -493
-104 -512
201 -512
442 -443
511 -190
511 110
511 390
283 511
-43 511
-172 511
208 497
511 22
252 -490
-344 -459
-512 67
-379 509
-412 471
-504 392
-110 511
432 375
503 -204
37 -512
-468 -312
-477 278
56 511
506 390
446 436
374 511
511 164
511 -335
511 -278
511 -146
318 -436
-238 -511
-512 -22
-259 493
313 458
511 110
511 143
476 410
203 511
90 511
412 369
506 -204
25 -512
-439 -453
-369 -490
-248 -512
-477 -248
-436 343
114 511
511 364
498 394
268 511
-29 511
-331 511
-512 321
-512 230
-264 476
304 479
511 -56
390 -505
420 -471
511 -231
511 92
511 214
493 -202
37 -512
-455 -300
-512 148
-512 82
-512 -39
-435 338
81 511
506 169
511 -321
511 -273
511 35
507 345
452 460
511 26
258 -493
-319 -480
-512 55
-192 511
279 511
227 511
-92 511
-383 511
-512 304
-512 -1
-512 -306
-373 -509
-97 -512
229 -512
473 -435
511 -148
511 -39
387 -387
-155 -512
-512 -102
-339 448
217 497
511 215
511 271
511 394
511 -52
198 -512
-366 -435
-512 132
-141 511
412 378
489 -203
241 -512
323 -512
440 -470
15 -512
-464 -432
-445 -472
-167 -512
148 -512
412 -476
511 -259
511 52
500 375
437 469
511 27
299 -491
-281 -478
-512 55
-213 511
355 434
511 -131
124 -512
-413 -378
-512 199
-92 511
390 488
380 504
82 511
-238 511
-474 416
-512 130
-512 36
-367 378
10 511
-64 511
-361 511
-512 310
-512 14
-512 -272
-399 -493
-107 -512
13 -512
-334 -411
-512 -36
-512 -91
-512 -215
-477 201
-241 511
-308 511
-507 361
-512 84
-512 -239
-409 -491
-306 -512
-502 -177
-409 402
143 511
511 288
511 348
315 511
-9 511
-130 511
272 446
511 131
511 208
432 473
162 511
56 511
385 371
511 -199
93 -512
-383 -507
-351 -512
-58 -512
261 -512
488 -416
511 -121
511 -4
425 -353
-132 -512
-512 -109
-376 432
204 506
511 28
309 -480
-278 -475
-512 49
-245 511
337 415
511 52
511 107
490 394
260 511
-36 511
-345 508
-460 452
-24 511
465 434
442 473
144 511
-171 511
-426 464
-512 222
-512 -94
-499 -393
-436 -474
-510 -28
-453 442
-489 360
-512 248
-240 469
242 511
199 511
-130 511
-409 490
-512 271
-512 -55
-512 -187
-498 209
-22 511
480 252
511 -210
511 -149
511 171
435 445
380 511
511 100
511 -383
511 -318
511 14
511 332
503 402
511 -37
250 -507
-344 -434
-512 128
-170 511
399 377
511 -199
94 -512
-447 -323
-512 238
-22 511
493 280
457 -286
115 -512
186 -512
322 -512
-126 -498
-512 -304
-495 -382
-423 -471
-512 -52
-314 456
275 495
511 12
250 -478
-210 -512
-187 -512
130 -512
417 -475
502 -407
104 -512
-449 -339
-498 217
-215 511
-271 511
-393 511
47 511
511 229
418 -345
37 -512
90 -512
391 -506
511 -273
511 -162
310 -441
-277 -483
-512 6
-250 492
338 425
511 84
511 145
473 410
232 511
-63 511
-355 511
-512 313
-512 21
-512 -275
-381 -498
-100 -512
228 -512
334 -512
-122 -512
-512 -170
-378 401
202 511
511 81
493 -386
511 -333
511 -230
248 -463
-208 -512
-145 -512
-23 -512
-363 -377
-512 -4
-512 -68
-512 -381
-304 -512
0 -512
302 -512
395 -512
-47 -512
-512 -228
-415 344
-51 511
-107 511
-394 491
-512 236
-512 138
-296 425
132 511
63 511
-258 511
-491 404
-512 307
-178 507
402 409
511 -143
288 -512
349 -512
511 -304
511 0
511 291
347 503
266 511
507 228
433 -346
-128 -512
-512 -170
-377 399
199 511
511 94
319 -447
-252 -508
-512 -20
-252 480
210 511
149 511
-170 511
-437 447
-512 220
-512 -89
-512 -214
-477 201
-241 511
-308 511
-507 361
-512 89
-512 -223
-434 -480
-170 -512
128 -512
402 -479
511 -257
511 40
511 346
325 511
50 511
-253 511
-496 378
-512 287
-169 486
306 511
205 511
98 511
411 341
511 -69
511 -4
511 311
370 508
81 511
-252 511
-336 511
107 511
511 178
375 -394
-9 -512
51 -512
348 -512
511 -306
511 -215
245 -465
-200 -512
-114 -512
201 -512
449 -436
511 -378
109 -512
-432 -376
-487 202
-241 511
-308 511
-507 361
-512 84
-512 -239
-413 -491
-322 -512
-512 -178
-387 402
171 511
511 102
319 -448
-252 -508
-512 -21
-259 493
318 480
511 -54
177 -512
-283 -512
-204 -512
113 -512
399 -492
511 -268
511 46
511 150
457 -262
183 -512
230 -512
473 -416
511 -129
511 -36
366 -379
-10 -512
67 -512
381 -512
511 -297
511 -213
263 -479
-304 -480
-512 57
-401 503
-448 452
-512 175
-512 -127
-507 -391
-270 -512
-162 -512
-443 -310
-483 277
6 511
492 250
447 -343
-81 -512
-512 -177
-387 402
171 511
511 102
307 -438
-105 -512
-19 -512
291 -512
499 -380
511 -95
511 244
511 340
497 -125
307 -512
379 -498
511 -268
511 29
511 331
341 511
58 511
-271 511
-374 511
62 511
503 388
445 438
379 511
511 100
511 -383
511 -312
511 -11
511 288
363 506
65 511
-37 511
334 406
511 62
511 145
511 247
500 -197
83 -512
-445 -314
-496 275
-12 511
492 251
439 -328
96 -512
169 -512
444 -448
511 -219
511 88
488 400
424 474
508 24
459 -439
494 -382
511 -81
511 238
432 471
181 511
-130 511
-416 476
-492 416
-96 511
383 507
332 511
230 511
463 248
511 -209
511 -129
511 199
450 441
209 511
-115 511
-223 511
205 496
511 28
264 -469
-156 -512
-81 -512
237 -512
491 -413
511 -336
162 -506
-320 -512
-267 -512
69 -512
378 -504
466 -450
24 -512
-494 -253
-440 328
-111 511
-181 511
-453 436
-512 185
-512 -111
-478 -410
-420 -473
-512 -40
-312 468
273 468
511 181
511 254
511 348
511 -122
170 -512
-392 -373
-512 9
-512 -50
-512 -355
-313 -512
-21 -512
286 -512
394 -512
-52 -512
-512 -185
-420 387
141 511
511 108
376 -432
-204 -504
-512 -37
-312 468
277 475
511 -51
427 -491
474 -438
511 -144
511 172
468 426
217 511
104 511
416 295
511 -118
511 -22
511 291
380 499
95 511
-229 511
-473 435
-512 151
-512 54
-361 386
36 511
-45 511
-164 511
263 456
511 187
511 252
417 487
137 511
-171 511
-445 436
-512 379
-102 511
447 315
478 -273
218 -512
296 -512
508 -361
511 -72
511 24
408 -337
51 -512
107 -512
394 -490
511 -260
511 37
511 329
327 511
49 511
-253 511
-496 382
-512 303
-177 507
403 409
511 -144
102 -512
-438 -308
-512 105
-512 1
-512 -128
-467 277
55 511
511 213
434 -355
-131 -512
-512 -140
-374 398
12 511
-60 511
-165 511
262 456
511 188
511 263
511 373
511 -61
177 -512
-402 -397
-512 155
-100 511
383 511
309 511
-17 511
-322 511
-405 506
55 511
511 198
415 -358
66 -512
164 -512
257 -512
-199 -501
-512 -83
-300 434
116 511
34 511
-272 511
-498 377
-512 287
-177 500
402 409
511 -144
102 -512
-435 -321
-512 91
-512 -17
-512 -152
-452 262
-167 511
-225 511
-473 416
-512 130
-512 36
-367 378
9 511
-50 511
-355 511
-512 299
-512 213
-247 475
344 459
511 -68
399 -501
448 -449
511 -189
511 109
506 391
270 511
174 511
455 290
476 -287
-49 -512
-512 -246
-432 343
128 511
511 170
378 -402
-202 -512
-512 -83
-300 434
119 511
22 511
-289 511
-494 398
-512 101
-512 -244
-512 -339
-498 125
-307 511
-379 498
-512 271
-512 -42
-512 -346
-340 -512
-64 -512
262 -512
349 -512
-127 -509
-512 -367
-457 -428
-391 -508
-511 -102
-512 383
-512 312
-512 12
-512 -273
-381 -498
-86 -512
9 -512
-348 -396
-512 -38
-512 -131
-512 -239
-492 201
-37 511
454 298
511 -130
511 -70
511 253
409 491
139 511
-171 511
-437 447
-512 220
-512 -77
-512 -381
-304 -512
22 -512
101 -512
-320 -462
-512 56
-180 511
396 424
511 -134
342 -512
405 -481
471 -420
52 -512
-459 -315
-476 277
37 511
507 251
434 -346
-133 -512
-512 -366
-443 -439
-379 -512
-512 -100
-512 383
-512 298
-512 204
-263 480
304 479
511 -54
198 -512
-358 -415
-512 -67
-512 -141
-480 -410
-224 -512
-124 -512
-438 -310
-483 276
8 511
455 440
393 485
303 511
511 178
387 -402
-169 -512
-512 -303
-510 -371
-271 -512
26 -512
314 -512
511 -342
511 -62
511 238
416 474
148 511
-151 511
-409 487
-512 246
-512 -83
-512 -167
-457 263
-187 511
-270 511
-379 511
64 511
500 399
448 448
189 511
-109 511
-391 506
-512 275
-512 204
-263 480
304 479
511 -57
412 -502
471 -440
511 -143
511 189
511 272
470 -194
256 -512
349 -512
511 -315
511 13
511 102
446 -330
-66 -512
-506 -169
-512 300
-512 208
-512 -113
-492 -400
-270 -512
55 -512
146 -512
-278 -467
-512 55
-213 511
352 433
511 -128
170 -512
-399 -377
-512 199
-93 511
448 315
467 -275
199 -512
279 -512
499 -380
511 -101
511 212
432 464
379 511
511 95
511 -358
511 -271
511 36
511 329
327 511
49 511
-253 511
-496 382
-512 318
-147 502
319 511
203 511
99 511
417 295
511 -119
511 -20
511 306
373 508
96 511
-242 511
-324 511
134 511
511 123
374 -407
-16 -512
34 -512
345 -512
511 -324
511 -245
248 -471
-208 -512
-157 -512
176 -512
453 -437
507 -388
95 -512
-449 -315
-467 275
-201 511
-294 511
-509 373
-512 99
-512 -239
-418 -493
-361 -512
-512 -108
-375 432
203 503
511 37
312 -468
-276 -474
-512 37
-250 507
343 433
511 -114
169 -512
-300 -512
-209 -512
98 -512
382 -512
511 -283
511 26
511 315
342 511
62 511
-238 511
-474 417
-512 148
-512 -150
-462 -423
-407 -478
-512 -29
-508 413
-512 320
-512 21
-512 -268
-390 -492
-112 -512
190 -512
452 -436
511 -379
98 -512
-374 -512
-285 -512
-205 -512
-468 -242
-512 188
-512 98
-512 -239
-431 -486
-143 -512
186 -512
258 -512
-200 -489
-512 -49
-300 445
116 511
34 511
-272 511
-498 381
-512 303
-169 493
300 511
208 511
-113 511
-410 477
-476 421
-26 511
493 281
465 -286
164 -512
235 -512
485 -415
511 -150
511 159
450 436
400 498
511 97
314 -446
-275 -491
-512 5
-250 497
343 435
511 -114
178 -512
-402 -397
-512 155
-102 511
449 339
491 -218
240 -512
310 -512
511 -340
511 -15
511 63
424 -349
-132 -512
-512 -109
-376 432
202 485
511 256
511 349
302 511
11 511
-288 511
-507 374
-512 96
-512 -229
-432 -473
-181 -512
131 -512
420 -475
474 -422
26 -512
-494 -280
-479 290
49 511
504 245
511 -209
511 -129
511 -24
371 -390
-202 -512
-512 -63
-314 453
275 495
511 12
247 -478
-200 -512
-99 -512
-11 -512
-384 -369
-512 -45
-512 -160
-512 -241
-495 204
-23 511
493 268
479 -304
-58 -512
-489 -420
-417 -478
-137 -512
217 -512
294 -512
-193 -501
-512 -83
-300 434
113 511
-17 511
-106 511
320 461
511 -56
180 -512
-397 -425
-512 134
-343 511
-396 493
-512 246
-512 -66
-512 -349
-336 -512
-38 -512
271 -512
492 -390
511 -112
511 190
436 452
379 511
511 102
315 -448
-275 -496
-512 -12
-245 478
189 511
76 511
-3 511
390 400
511 -143
109 -512
-432 -376
-504 203
-37 511
454 298
511 -134
511 -33
511 77
405 -330
83 -512
207 -512
290 -512
-181 -512
-512 -101
-319 447
251 507
511 19
464 -436
506 -354
511 -64
511 260
511 334
511 -134
124 -512
-407 -374
-512 10
-512 -81
-512 -179
-464 268
37 511
493 248
511 -200
511 -117
511 212
443 458
175 511
-138 511
-210 511
213 498
511 22
244 -480
-171 -512
-68 -512
246 -512
493 -389
511 -320
109 -512
-432 -376
-485 202
-256 511
-363 498
-447 450
0 511
493 250
418 -338
83 -512
190 -512
468 -435
511 -148
511 -76
312 -428
-252 -508
-512 -21
-280 493
286 471
511 181
511 240
415 485
145 511
-176 511
-435 462
-512 229
-512 -78
-512 -377
-304 -512
1 -512
315 -512
390 -512
-65 -512
-512 -177
-397 402
156 511
511 95
511 -359
511 -249
511 -181
263 -479
-304 -479
-512 55
-213 511
355 434
511 -132
147 -512
-306 -512
-210 -512
-119 -512
-425 -296
-512 113
-512 4
-512 -311
-358 -508
-66 -512
238 -512
474 -417
511 -148
511 151
475 420
421 473
511 31
502 -415
511 -343
511 -38
511 269
407 487
118 511
-190 511
-451 437
-507 388
-91 511
372 511
285 511
204 511
467 242
511 -188
511 -98
511 239
431 486
147 511
-162 511
-237 511
202 494
511 23
272 -476
-147 -512
-61 -512
265 -512
501 -380
511 -321
117 -508
-325 -512
-226 -512
106 -512
410 -480
472 -434
24 -512
-493 -252
-428 338
-118 511
-229 511
-484 429
-512 156
-512 -159
-450 -440
-404 -478
-512 -40
-312 468
276 473
511 -37
250 -507
-344 -434
-512 128
-170 511
399 377
511 -199
90 -512
-370 -512
-285 -512
39 -512
324 -512
511 -343
511 -53
511 245
409 490
346 511
511 101
351 -446
-212 -509
-512 -22
-253 480
143 511
-4 511
-100 511
329 423
511 -114
178 -512
-401 -380
-512 199
-93 511
435 302
511 -101
511 38
511 119
435 -315
148 -512
250 -512
349 -512
-126 -512
-512 -124
-379 417
204 508
511 26
508 -413
511 -309
511 -10
511 301
511 365
511 -112
178 -512
-394 -373
-512 0
-512 -108
-512 -188
-492 258
-19 511
479 244
511 -172
511 -61
511 266
386 500
340 511
511 123
378 -417
-204 -506
-512 -49
-300 445
113 511
-17 511
-105 511
329 423
511 -114
178 -512
-402 -387
-512 168
-325 511
-400 481
-474 422
-26 511
493 281
470 -286
187 -512
253 -512
487 -407
511 -105
511 -38
372 -400
-204 -506
-512 -49
-315 458
275 466
511 200
511 294
361 508
81 511
-229 511
-474 430
-512 158
-512 -132
-480 -402
-251 -512
69 -512
379 -508
434 -480
-51 -512
-512 -198
-434 366
132 511
511 100
511 -331
511 -172
511 -95
309 -436
-265 -504
-512 -19
-252 490
344 459
511 -66
169 -507
-290 -512
-154 -512
-73 -512
-419 -313
-512 42
-512 -68
-512 -148
-467 276
51 511
511 223
433 -354
-134 -512
-512 -377
-446 -448
-189 -512
124 -512
189 -512
-268 -451
-512 -213
-512 -318
-512 -390
-512 67
-410 499
-471 440
-512 142
-512 -163
-462 -421
-191 -512
-146 -512
-474 -263
-480 304
58 511
491 419
408 478
107 511
-230 511
-291 511
194 471
511 271
508 371
274 511
-60 511
-118 511
330 427
511 -97
179 -512
-260 -512
-159 -512
176 -512
435 -462
511 -231
511 94
511 180
466 -270
-55 -512
-512 -213
-433 352
128 511
511 170
377 -399
-199 -512
-512 -94
-315 448
275 462
511 229
511 343
325 511
50 511
-253 511
-497 387
-512 342
-94 509
341 511
236 511
-77 511
-381 511
-512 304
-512 0
-512 -291
-380 -499
-95 -512
229 -512
473 -435
511 -148
511 -76
309 -428
-265 -504
-512 -18
-480 431
-512 348
-512 37
-512 -281
-512 -335
-512 136
-366 511
-420 471
-512 222
-512 -109
-512 -181
-464 268
37 511
493 245
511 -188
511 -96
511 229
435 473
171 511
-149 511
-204 511
265 480
511 12
265 -491
-304 -480
-512 55
-186 511
380 435
511 -132
109 -512
-432 -376
-487 202
-271 511
-371 510
-512 287
-512 -17
-512 -316
-328 -512
-280 -512
-494 -170
-512 290
-512 174
-512 -159
-462 -428
-230 -512
63 -512
355 -512
511 -298
511 -246
181 -496
-234 -512
-113 -512
-38 -512
-400 -372
-509 204
-24 511
404 509
294 511
-17 511
-324 511
-367 511
112 511
511 178
396 -402
-155 -512
-512 -102
-325 449
238 511
511 22
267 -494
-304 -480
-512 58
-419 491
-478 408
-512 104
-512 -201
-447 -442
-158 -512
-95 -512
-426 -298
-512 98
-512 -8
-512 -332
-340 -512
-64 -512
248 -512
486 -417
511 -117
511 -61
312 -421
-43 -512
81 -512
161 -512
-275 -458
-512 -189
-512 -269
-382 -502
-101 -512
213 -512
474 -425
509 -382
74 -512
-457 -315
-462 274
-226 511
-326 511
-512 328
-512 27
-512 -9
-359 382
-29 511
-153 511
-437 450
-512 189
-512 146
-275 473
291 479
511 -57
436 -478
500 -352
511 -301
140 -512
-409 -379
-512 203
-69 511
436 305
511 -75
511 62
511 121
461 -321
-56 -512
-512 -179
-410 402
144 511
511 102
317 -439
-34 -512
99 -512
181 -512
-266 -454
-512 -199
-512 -292
-512 -357
-512 124
-170 511
402 378
511 -202
64 -512
-367 -512
-262 -512
66 -512
357 -512
414 -498
-53 -512
-512 -179
-378 394
-45 511
-196 511
-280 511
201 492
511 23
253 -480
-138 -512
-1 -512
316 -512
511 -328
511 -280
178 -512
-401 -380
-512 199
-93 511
435 301
511 -93
511 36
511 356
313 511
21 511
-267 511
-487 407
-512 120
-512 -201
-440 -461
-189 -512
124 -512
189 -512
-273 -466
-512 55
-213 511
352 433
511 -128
170 -512
-392 -366
-512 -30
-512 -144
-478 -410
-251 -512
68 -512
380 -499
436 -467
-55 -512
-489 -420
-417 -478
-119 -512
199 -512
442 -443
511 -189
511 109
491 404
450 445
511 -47
457 -460
511 -335
511 -280
173 -495
-277 -512
-166 -512
150 -512
412 -474
511 -234
511 91
511 161
467 -280
-55 -512
-512 -184
-512 234
-512 113
-512 -213
-424 -478
-388 -496
-512 -23
-509 402
-512 279
-512 -26
-512 -322
-512 -367
-512 112
-178 511
394 368
511 29
511 153
447 437
220 511
-77 511
-394 497
-441 467
52 511
511 213
415 -347
88 -512
207 -512
473 -435
511 -153
511 -96
310 -439
-277 -478
-512 22
-250 498
343 439
511 -97
177 -512
-402 -397
-512 155
-102 511
438 317
511 -34
511 84
511 382
309 511
-7 511
-311 511
-358 511
130 508
511 378
441 458
170 511
-129 511
-399 493
-512 263
-512 -54
-512 -344
-508 -402
-512 80
-410 500
-486 393
-512 342
-94 509
344 511
227 511
-92 511
-383 511
-512 301
-512 -47
-512 -103
-425 339
132 511
511 147
511 -290
511 -172
511 151
465 423
421 475
511 23
499 -425
511 -323
511 -21
511 278
511 335
511 -136
102 -512
-446 -352
-510 212
-23 511
493 280
479 -291
-55 -512
-512 -181
-512 220
-512 79
-512 -247
-424 -489
-383 -512
-512 -93
-314 445
272 474
511 246
502 362
477 421
511 -61
177 -512
-394 -369
-512 -48
-512 -181
-453 -441
-175 -512
-122 -512
-460 -305
-475 277
49 511
511 246
416 -337
101 -512
226 -512
486 -415
511 -148
511 150
473 412
232 511
-67 511
-369 511
-512 312
-512 21
-512 -288
-512 -357
-512 129
-103 511
445 351
508 -212
24 -512
-402 -509
-269 -512
-211 -512
-492 -248
-434 344
128 511
511 170
377 -399
-199 -512
-512 -87
-512 342
-512 210
-512 162
-239 465
158 511
2 511
-69 511
349 424
511 -132
109 -512
-432 -376
-486 202
-274 511
-393 484
-445 446
32 511
505 251
430 -338
145 -512
250 -512
487 -416
511 -117
511 -61
309 -430
-265 -505
-512 -19
-252 492
339 434
511 173
511 282
380 499
95 511
-229 511
-473 435
-512 167
-512 -148
-491 -409
-265 -512
68 -512
360 -512
376 -507
-125 -512
-512 -170
-394 400
156 511
511 95
511 -344
511 -205
511 -145
263 -474
-304 -479
-512 55
-186 511
380 435
511 -132
101 -512
-318 -512
-155 -512
-93 -512
-426 -297
-512 93
-512 -55
-512 -121
-423 329
114 511
511 178
381 -404
-194 -512
-512 -363
-445 -449
-189 -512
121 -512
170 -512
-282 -468
-512 55
-181 511
222 511
82 511
27 511
402 372
508 -205
21 -512
-390 -512
-262 -512
68 -512
382 -500
409 -476
-76 -512
-512 -177
-397 402
156 511
511 95
511 -344
511 -226
511 103
505 391
286 511
-17 511
-311 511
-508 358
-512 66
-512 -237
-430 -473
-140 -512
-93 -512
-436 -309
-504 265
-19 511
492 252
437 -338
161 -512
274 -512
341 -512
-137 -512
-512 -102
-339 449
220 511
511 22
280 -494
-287 -467
-512 -200
-512 -307
-512 -368
-507 133
-396 511
-486 408
-498 381
-62 511
453 313
495 -275
12 -512
-478 -242
-512 158
-512 -1
-512 -49
-369 377
-60 511
-193 511
-458 439
-512 190
-512 -113
-480 -413
-449 -448
-512 51
-458 466
-512 346
-512 38
-512 -269
-415 -488
-145 -512
176 -512
446 -453
476 -418
27 -512
-412 -507
-305 -512
-246 -512
-496 -182
-512 235
-512 122
-512 -218
-436 -476
-170 -512
141 -512
188 -512
-271 -465
-512 49
-206 503
189 511
58 511
-265 511
-500 386
-512 342
-94 509
344 511
227 511
-91 511
-395 497
-441 467
52 511
511 179
378 -394
66 -512
211 -512
474 -430
511 -157
511 132
466 416
432 449
511 -32
250 -507
-344 -434
-512 114
-178 511
401 379
511 -199
94 -512
-445 -314
-504 265
-21 511
403 508
294 511
-17 511
-311 511
-508 361
-512 81
-512 -229
-424 -483
-387 -493
-512 -36
-312 468
276 473
511 -37
242 -493
-164 -512
-25 -512
25 -512
-388 -370
-512 199
-93 511
446 314
495 -275
12 -512
-478 -244
-512 140
-512 -36
-512 -101
-408 331
-101 511
-241 511
-305 511
195 488
511 49
314 -459
-277 -477
-512 46
-481 446
-512 325
-512 23
-512 -286
-512 -341
-512 137
-102 511
438 317
511 -33
511 109
511 154
461 -314
-56 -512
-512 -181
-512 220
-512 76
-512 -245
-416 -487
-389 -492
-512 -36
-312 468
276 473
511 -37
242 -493
-156 -512
-32 -512
273 -512
504 -357
511 -321
101 -512
-449 -339
-491 218
-274 511
-379 497
-512 268
-512 -29
-512 -332
-341 -512
-58 -512
261 -512
488 -415
511 -145
511 176
453 446
418 477
511 24
252 -494
-344 -440
-512 97
-182 511
234 511
94 511
49 511
434 332
511 -220
22 -512
-494 -280
-480 291
55 511
511 181
511 -219
511 -67
511 -19
359 -394
27 -512
176 -512
227 -512
-266 -481
-512 -12
-250 488
344 459
511 -69
435 -473
492 -383
511 -101
511 246
511 279
494 -210
22 -512
-477 -273
-512 108
-512 -57
-512 -121
-425 332
132 511
511 154
511 -251
511 -129
511 190
464 433
222 511
-94 511
-383 511
-512 299
-512 -16
-512 -306
-512 -342
-512 137
-102 511
438 314
511 -15
511 135
476 412
245 511
212 511
477 225
511 -182
511 -58
511 266
376 499
336 511
511 94
315 -449
-275 -464
-512 -243
-512 -371
-304 -512
1 -512
306 -512
511 -342
511 -303
104 -512
-442 -365
-508 206
-28 511
479 309
476 -279
-55 -512
-512 -230
-433 345
114 511
511 183
511 -235
511 -125
511 190
458 435
201 511
-128 511
-142 511
330 422
511 174
511 297
358 508
66 511
-237 511
-473 430
-512 154
-512 -163
-512 -198
-450 270
-228 511
-360 509
-388 495
132 507
503 413
356 498
323 511
511 95
511 -333
511 -166
511 -123
241 -461
-138 -512
9 -512
331 -512
511 -341
511 -58
511 276
511 308
488 -195
49 -512
-446 -312
-512 56
-512 -53
-512 -369
-301 -512
-263 -512
-503 -182
-512 235
-512 122
-512 -217
-432 -475
-393 -490
-512 -23
-280 493
287 464
511 216
511 331
341 511
58 511
-260 511
-494 413
-491 373
-36 511
465 312
492 -274
12 -512
-491 -250
-447 343
81 511
511 177
387 -402
-170 -512
-512 -96
-512 333
-512 187
-512 -129
-493 -399
-263 -512
72 -512
104 -512
-332 -407
-512 -108
-512 -239
-390 -492
-112 -512
190 -512
435 -458
511 -202
511 116
511 134
446 -333
-66 -512
-512 -179
-512 222
-512 79
-512 49
-332 434
220 510
511 21
511 -389
511 -262
511 70
511 370
511 373
511 -128
170 -512
-402 -378
-512 202
-76 511
341 511
226 511
-103 511
-391 511
-512 304
-512 -1
-512 -306
-361 -508
-84 -512
239 -512
485 -434
511 -150
511 -123
275 -474
-291 -480
-512 55
-213 511
347 429
511 144
511 273
511 312
511 -193
94 -512
-445 -314
-505 265
-19 511
492 252
434 -339
174 -512
307 -512
353 -512
-141 -512
-512 -378
-431 -468
-387 -493
-512 -36
-312 468
278 476
511 -54
190 -512
-178 -512
-1 -512
33 -512
-391 -371
-512 202
-82 511
444 313
504 -265
19 -512
-480 -246
-512 140
-512 -39
-512 -67
-400 387
144 511
511 102
352 -446
-211 -508
-512 -42
-293 453
88 511
-64 511
-120 511
324 425
511 161
511 278
511 312
505 -195
81 -512
-448 -315
-504 265
-21 511
401 508
282 511
-39 511
-337 511
-367 511
131 511
511 102
327 -439
14 -512
168 -512
212 -512
-269 -462
-512 37
-242 493
158 511
20 511
-291 511
-505 356
-512 321
-101 511
447 315
495 -275
12 -512
-478 -243
-512 133
-512 -35
-512 -333
-343 -512
-58 -512
261 -512
488 -408
511 -118
511 190
484 451
295 372