-14607 -4554
-14011 10628
-44782 17898
-63714 22264
-30314 24564
-6953 27373
-10721 22091
-27871 -46950
-37507 -155132
-28679 -189592
-550 -116955
17906 -23917
-3024 12081
5044 33336
35541 15807
40068 -4580
23150 16258
10666 9707
19140 -7865
14946 -12163
2623 -6117
4020 -7123
941 -9763
1901 5105
-101 24362
20387 22522
46671 11908
48669 -7571
31125 -14281
10092 -2870
-7050 -7247
-7726 7121
2569 27871
-3502 38642
-21845 36661
-17588 8361
-598 -15266
5370 -26679
14303 -22465
22390 10925
19783 29707
-1715 39429
-10020 25016
-13665 1685
-8038 -13838
2280 -20630
12658 -9687
22774 2513
22709 20449
27569 38506
20605 19843
-1684 751
-8996 -3868
-18088 -490
-35443 14397
-36583 27562
-16892 36611
-11639 28710
-7803 15186
16934 8874
16326 12297
-2689 -4365
-8813 -1441
-13149 -3412
