-311 -157
-474 -12
-381 -184
44 -258
411 -221
472 -99
140 -165
-163 -332
-272 -236
-513 -247
-482 -320
-197 -241
4 -65
316 4
337 356
300 419
482 128
379 -80
205 -202
-88 -309
-404 -221
-555 215
-294 356
154 190
400 24
390 -70
280 -212
92 -265
131 -260
342 -101
271 200
7 487
-422 232
-522 167
-206 363
-150 448
-338 379
-207 146
-41 -145
103 -412
302 -369
420 64
247 280
243 207
481 162
449 159
406 328
325 236
368 -7
278 46
274 280
-55 415
-450 287
-353 38
-80 -226
-103 -464
-383 -348
-362 189
-126 532
-88 512
-353 249
-511 10
-326 -134
-193 -271
