-44 -127
11 -61
16 -127
-39 -154
-50 -55
104 16
55 -94
-83 -99
-11 -110
27 11
110 55
55 5
5 137
16 154
93 49
203 11
236 -55
-17 -50
5 -6
77 33
49 159
-17 104
-11 132
93 71
110 33
16 49
-44 -94
-66 -143
-33 -6
-72 55
44 148
165 77
71 93
-50 121
-105 99
-33 -99
-138 -193
38 -138
203 -77
-28 -28
-165 16
-6 82
88 60
49 11
-17 -39
-88 -105
-121 -50
-72 38
-33 49
-33 104
-99 44
-110 -22
5 60
66 33
-17 -6
82 -28
192 -127
110 -165
55 -99
143 115
38 82
-94 60
-50 -22
-72 -94
-83 -77
-50 -116
-132 -110
-143 -11
-61 -132
-11 -275
16 -259
27 -88
115 -61
110 0
110 11
121 5
27 104
-72 143
-61 33
-6 -39
60 -83
115 -77
143 -55
82 71
5 66
-88 49
-55 170
132 148
71 121
-28 99
11 -61
22 -171
-160 22
-281 181
-83 187
60 165
44 11
-160 -66
-121 11
44 -138
-17 -215
115 -160
60 -154
-171 -88
-204 38
-88 181
-22 104
16 49
49 33
-33 -50
-61 -83
-99 93
-94 209
-33 88
-44 -39
-61 -55
-44 -44
66 0
132 5
71 88
110 33
148 -39
88 33
55 132
-44 55
-149 -72
-116 -22
-55 -28
-39 0
0 -6
-22 -121
-55 -182
38 -160
66 -105
0 -39
-17 -28
-77 -149
-149 -121
-55 16
-6 5
-17 -28
-55 60
-17 203
82 126
203 -99
126 -94
99 82
115 115
11 88
22 66
82 60
33 16
-94 -22
-39 -39
-61 -55
-66 33
44 93
5 110
60 132
143 176
33 115
-105 44
-127 -50
5 -116
60 -50
71 -77
49 -99
-28 -50
-77 44
-17 121
110 104
165 33
71 -28
-22 -66
-132 -66
-132 -105
-66 -39
16 77
38 5
22 -83
77 -50
38 27
33 60
203 22
181 33
16 -11
16 -33
44 27
-66 99
-99 148
-88 181
-17 60
-39 -44
-72 22
-187 5
-176 -55
38 -22
71 -61
-11 -116
27 -17
132 11
99 -127
49 5
60 38
-50 33
-77 38
11 16
143 33
82 -50
38 -28
77 38
22 88
-33 93
0 71
71 -39
154 0
5 27
-176 66
-171 0
-138 -33
-50 27
38 49
88 -6
11 49
16 176
-44 165
-17 176
88 55
22 22
11 55
-72 -50
-77 5
-77 165
-127 126
-110 77
44 110
71 5
44 -171
-22 -182
-132 -66
-110 -28
-72 27
-105 0
-143 -83
-88 -132
-66 -127
22 -88
104 11
143 -6
49 -44
-17 38
33 33
-77 82
-116 55
-39 -105
-50 -132