-216 -228
-115 -144
-340 -303
-440 -344
-73 -371
177 -438
7 -495
-62 -234
128 -327
38 -242
210 68
228 26
-25 244
-157 407
55 291
427 80
528 -334
225 -279
324 12
323 266
67 394
-52 281
100 286
410 171
100 155
-203 211
-275 -162
-264 -267
-174 148
-258 398
140 421
418 412
215 362
-310 294
-329 262
72 -316
-107 -436
202 -343
183 -376
-315 -118
-458 309
-159 531
112 334
298 149
161 -64
-161 -381
-393 -332
-444 26
-284 232
-87 303
-207 35
-328 -193
-96 -150
74 -69
150 -56
454 9
603 -163
279 -294
135 -76
298 262
-98 337
-409 251
-284 72
-221 -163