-44 -126
10 -61
15 -126
-39 -152
-50 -55
102 15
54 -93
-82 -98
-11 -109
26 10
109 52
54 4
7 134
18 151
92 46
200 7
231 -58
-18 -49
4 -6
76 31
50 155
-14 102
-7 130
93 66
109 29
17 47
-47 -92
-70 -139
-33 -5
-70 56
47 144
164 70
72 89
-46 120
-101 100
-36 -97
-142 -186
33 -138
197 -83
-29 -27
-162 23
-3 81
89 54
48 8
-19 -38
-92 -100
-122 -44
-70 40
-31 49
-28 103
-96 47
-110 -15
8 58
67 28
-18 -5
78 -33
181 -138
97 -170
47 -101
147 104
42 78
-89 64
-51 -19
-77 -89
-87 -71
-57 -112
-137 -101
-142 -2
-69 -127
-29 -271
-5 -257
19 -89
108 -70
108 -9
109 2
119 -5
34 100
-60 146
-58 37
-9 -38
52 -87
107 -85
136 -66
86 63
10 64
-83 55
-41 171
141 135
81 112
-19 100
5 -62
5 -171
-156 36
-260 204
-65 191
74 156
44 6
-164 -50
-119 22
30 -140
-41 -210
95 -171
42 -159
-178 -68
-197 59
-67 187
-11 104
21 46
51 27
-38 -46
-70 -76
-88 102
-70 216
-23 90
-48 -34
-67 -48
-49 -39
64 -8
130 -12
80 77
112 18
140 -57
90 21
70 123
-37 59
-156 -53
-117 -8
-58 -21
-39 4
-1 -6
-37 -117
-80 -172
14 -163
50 -113
-6 -39
-21 -26
-97 -136
-164 -99
-52 23
-6 5
-21 -26
-46 66
11 202
98 112
185 -126
110 -111
108 66
129 97
23 85
31 61
90 46
34 10
-96 -7
-45 -33
-69 -45
-60 42
57 84
22 107
79 120
168 150
50 108
-96 61
-134 -28
-16 -116
50 -60
56 -88
31 -106
-37 -45
-69 56
4 122
126 83
168 4
65 -40
-33 -62
-142 -43
-148 -81
-72 -28
28 73
38 -2
6 -86
66 -64
42 19
43 52
203 -17
184 -2
13 -14
9 -36
48 18
-47 109
-70 164
-53 194
-6 62
-47 -36
-67 35
-184 39
-184 -22
33 -29
58 -74
-35 -112
23 -23
132 -16
71 -146
49 -6
66 25
-43 42
-69 53
14 13
147 3
70 -66
31 -36
84 20
40 81
-13 98
15 69
61 -54
151 -34
10 25
-157 102
-166 37
-141 -2
-43 37
47 39
83 -26
21 45
54 167
-7 169
22 174
97 34
26 16
23 50
-82 -32
-74 22
-36 177
-94 151
-89 100
68 96
69 -12
2 -176
-64 -172
-144 -33
-114 0
-63 44
-102 26
-160 -45
-119 -106
-96 -107
-1 -91
103 -16
137 -42
36 -55
-7 41
40 23
-55 98
-99 82
-65 -92
-82 -116