-58 152
15 262
78 120
63 10
47 -11
-16 78
26 105
57 68
89 -37
115 -69
0 15
-84 -11
-84 -32
-37 -11
-58 -48
-90 -53
68 -27
120 -53
52 -27
15 21
21 -100
57 -121
73 -63
63 -42
84 -90
21 -74
0 78
-6 94
73 10
42 0
-42 63
-126 15
-132 -53
-11 -95
73 89
63 94
36 31
126 84
105 47
52 36
94 21
21 110
-74 47
-48 -42
-58 -42
-95 -11
-53 -142
57 -126
141 5
189 89
120 26
99 -84
89 -163
42 -158
78 0
47 115
-95 0
-111 -42
15 47
78 -48
-69 -132
-168 -74
-121 15
-210 5
-210 26
-32 194
78 183
0 89
63 141
152 131
126 31
42 21
-11 168
-69 141
-121 94
-6 31
63 -48
57 -95
15 -132
15 -79
105 42
110 225
42 136
-84 -27
-6 -42
152 -42
94 -6
73 141
162 194
84 42
-37 168
-84 288
-84 178
-42 99
-105 89
0 -48
26 -90
-16 5
-21 36
-32 94
21 162
94 168
120 0
68 -105
57 52
-11 52
-168 0
-53 -42
-16 -16
-63 -27
36 -53
120 47
162 120
-6 57
-32 47
147 10
241 -74
120 -74
73 57
63 26
-79 -95
-121 -132
-37 -58
26 -132
63 -237
42 -121
-58 10
-126 -111
-163 -105
5 73
0 52
-95 141
-21 157
-48 110
26 126
115 21
-53 84
-126 147
-53 94
-6 15
31 -42
73 47
110 94
194 63
120 -6
-16 -11
-95 73
-90 -16
36 -126
68 -16
57 147
26 147
-11 147
26 110
-21 110
-111 10
-126 0
-116 26
-84 10
105 -11
189 -27
110 -6
-16 10
-116 47
-90 -6
-105 57
10 120
110 42
-53 -69
-95 15
52 78
115 -69
5 -189
-142 -69
52 57
52 -21
-37 57
-6 99
-27 73
15 89
68 26
99 15
115 15
-63 -48
-205 -132
-90 -116
183 0
183 -32
26 26
52 21
63 -79
36 -132
-111 -158
-179 -95
-90 -126
-42 -121
-53 21
-90 26
-69 -21
-16 10
-53 57
-132 -21
-132 15
42 42
84 10
63 42
99 42
126 63
10 36
-105 -16
-195 -90
-42 -126
99 -95
73 -16
-37 -48
-189 -63
-116 63
-21 99
-79 15
-100 21
-90 -53
-105 -69
31 -79
63 -84
-58 -6
-32 78
-53 47
-132 52
-100 36
-6 68
0 157
-48 115
-100 63
-126 15
21 -48
36 -168
-16 -79
57 -58
73 -69
31 89
-16 183
-79 52
-147 115
-11 225
84 136
52 157
-84 73
-168 10
-58 -132
126 -163
94 -11
21 63
63 31
78 -11
178 -16
105 -27
