0 0
0 0
0 0
0 0
0 0
0 0
0 0
0 0
0 0
0 0
-383659 1308008
441300 672423
-1533502 -387345
-62150 -191069
-1450498 552220
395977 -1077186
-3078318 872589
99328 327348
-881996 -347632
-191652 -304038
-42366 67089
-228061 -205835
339885 -97604
0 0
0 0
0 0
0 0
0 0
0 0
0 0
0 0
0 0
0 0
0 0
0 0
0 0
0 0
0 0
0 0
0 0
0 0
0 0
-168831 178760
1153798 1720411
-1328070 -52091
129116 -1048379
1074624 1521550
-535105 9166
3401504 -3199443
-48968 -293324
277961 2230494
-687618 -419384
505136 649621
-1895179 -1799402
-820039 1087147
0 0
0 0
0 0
0 0
0 0
0 0
0 0
0 0
0 0