-5352 99386
-7511 33120
24624 209230
76921 309720
-134692 53856
-163488 -160366
-250937 -8016
-51975 28792
-92137 -87384
-57855 -20008
41184 30530
53448 13514
-61971 -11500
-148407 -130624
-85323 35164
183040 73248
175875 -362612
-26061 -129260
110028 9296
35577 180064
-156704 56280
-79768 -29274
-75240 60358
144232 148326
-14465 33072
-5040 -88128
50485 89748
-2144 143640
7521 -53200
-96715 -211932
-163305 123552
5088 359534
-88500 162800
7969 -187800
38400 -177952
-96136 -47850
-182151 94160
-77560 -143658
-109056 -142880
87200 75048
116071 -292320
-267081 -173120
-103056 78430
69309 93940
23587 -20916
-121535 123648
46179 266660
201716 -25200
26200 -136038
-88704 -53320
41895 -15392
71925 128428
-13965 28388
1305 -10472
20580 -17248
215175 10208
350100 -201392
-5820 -169312
13696 -20850
21201 163480
-108927 -66736
105347 -212796
76171 -42900
22833 73144
