0
7
10
15
7
10
6
8
11
0
0
13
4
5
2
7
1
15
2
8
5
5
6
9
8
11
6
15
10
4
3
0
14
7
0
11
10
10
6
15
8
3
2
2
3
12
12
7
15
0
5
1
11
0
14
5
14
5
1
9
0
11
2
0
14
9
1
11
6
5
15
8
8
1
11
0
5
15
10
5
13
4
0
0
12
13
15
15
11
7
4
10
12
10
1
2
7
8
14
11
4
9
4
1
2
4
0
13
10
6
3
3
4
13
7
13
0
2
9
5
2
6
9
3
11
10
1
9
6
1
11
10
6
12
0
9
8
9
10
3
8
1
15
6
9
7
14
3
2
3
2
14
12
5
6
10
2
13
14
9
5
0
12
9
11
2
14
15
9
0
12
9
5
5
4
5
14
13
6
6
15
9
10
15
9
13
1
3
15
3
7
4
9
8
6
12
3
7
14
2
9
0
0
13
9
3
5
6
8
2
14
11
5
8
14
15
9
4
0
13
14
0
11
15
15
12
2
3
2
14
14
2
11
0
1
1
12
0
12
12
14
6
11
15
1
5
0
6
0
7
0
2
14
2
15
5
6
15
11
