954 -7838
-584 13618
7043 6361
-9502 2892
-20385 18072
-6364 -14335
-5094 -39158
9195 -23555
14297 -26600
-6583 -16551
-5292 -550
18391 9581
26205 3506
37207 22262
47256 -8098
6432 -35855
4045 -19300
5669 -20826
-77 -11821
172 -6429
14991 8558
13965 6356
9374 -4961
23445 3254
44368 16072
59910 22606
57702 -269
26874 -26743
17592 9375
-9070 42198
-65967 111707
-83773 152908
-42800 93309
3604 -10753
-3195 -33437
-7902 -11911
-16996 -26474
-33660 -14196
-10701 8101
12016 -12092
-7117 -12231
-15415 -4549
-18629 -3290
-4416 14724
11186 17374
13600 -9426
1940 -4138
3464 -8861
-29253 -29914
-59722 -9586
-43319 10975
-5302 3660
-1396 -9176
-3548 -8568
8672 -25754
24366 -36999
17154 -13422
9705 26977
4683 31599
-14651 12282
-29549 -21159
-15546 -23355
13436 -38131
8519 -40744
